A = [3 2 -1; 4 2 -1; -2 -1 1]
B = [1;2;3]
X = A\B
